t,0,1,2,3
0.018000000000000002,(0.9987048394815666+0j),(0.0006473704432263578+0j),(0.0006473704432263501+0j),(4.1963198153786306e-07+0j)
0.036000000000000004,(0.9948294160521554+0j),(0.002581941438903247+0j),(0.0025819414389032297+0j),(6.701070039103253e-06+0j)
0.054000000000000006,(0.9884037869613878+0j),(0.005781199327073869+0j),(0.005781199327073848+0j),(3.38143844653886e-05+0j)
0.07200000000000001,(0.9794776588657251+0j),(0.010207977518741293+0j),(0.010207977518741253+0j),(0.00010638609679346687+0j)
0.09,(0.9681198104992476+0j),(0.01581098508510062+0j),(0.01581098508510058+0j),(0.00025821933055202864+0j)
0.10800000000000001,(0.9544172959423243+0j),(0.02252553551831199+0j),(0.022525535518311955+0j),(0.0005316330210526646+0j)
0.126,(0.9384744398075124+0j),(0.030274464608648993+0j),(0.030274464608648945+0j),(0.0009766309751902537+0j)
0.14400000000000002,(0.9204116385994711+0j),(0.038969223519151754+0j),(0.03896922351915169+0j),(0.0016499143622264027+0j)
0.162,(0.9003639852268857+0j),(0.04851113049008081+0j),(0.04851113049008074+0j),(0.002613753792953658+0j)
0.18,(0.8784797361083306+0j),(0.058792762212371966+0j),(0.05879276221237191+0j),(0.003934739466926363+0j)
0.198,(0.8549186424833835+0j),(0.06969946380882208+0j),(0.06969946380882203+0j),(0.005682429898973353+0j)
0.21600000000000003,(0.8298501693826048+0j),(0.0811109545862534+0j),(0.08111095458625336+0j),(0.007927921444889142+0j)
0.234,(0.803451627197575+0j),(0.09290300529872425+0j),(0.09290300529872418+0j),(0.010742362204977332+0j)
0.252,(0.7759062419029565+0j),(0.10494916161282894+0j),(0.10494916161282888+0j),(0.01419543487138649+0j)
0.27,(0.7474011907002399+0j),(0.11712248780731874+0j),(0.11712248780731871+0j),(0.018353833685123534+0j)
0.28800000000000003,(0.718125630167168+0j),(0.12929730448067864+0j),(0.12929730448067853+0j),(0.023279760871475437+0j)
0.306,(0.6882687439038452+0j),(0.14135089418571073+0j),(0.14135089418571062+0j),(0.029029467724734075+0j)
0.324,(0.6580178361684373+0j),(0.15316514945714757+0j),(0.15316514945714751+0j),(0.035651864917268246+0j)
0.342,(0.6275564971006954+0j),(0.16462813863815554+0j),(0.16462813863815542+0j),(0.043187225622994284+0j)
0.36,(0.5970628638548428+0j),(0.17563556622952278+0j),(0.17563556622952273+0j),(0.05166600368611219+0j)
0.37800000000000006,(0.5667080003251632+0j),(0.18609210616072427+0j),(0.18609210616072436+0j),(0.06110778735338868+0j)
0.396,(0.5366544161739067+0j),(0.1959125883887523+0j),(0.19591258838875245+0j),(0.07152040704858888+0j)
0.414,(0.5070547435930758+0j),(0.2050230215373039+0j),(0.20502302153730395+0j),(0.08289921333231695+0j)
0.43200000000000005,(0.478050587685091+0j),(0.21336143685967443+0j),(0.21336143685967446+0j),(0.09522653859556056+0j)
0.45,(0.4497715635721854+0j),(0.22087854160352077+0j),(0.22087854160352074+0j),(0.10847135322077361+0j)
0.468,(0.42233453038404717+0j),(0.22753817283101127+0j),(0.22753817283101138+0j),(0.12258912395393073+0j)
0.486,(0.3958430291739609+0j),(0.23331754585753386+0j),(0.23331754585753386+0j),(0.13752187911097166+0j)
0.504,(0.3703869286237328+0j),(0.23820729466772517+0j),(0.2382072946677253+0j),(0.15319848204081715+0j)
0.522,(0.3460422791667182+0j),(0.24221130489947212+0j),(0.24221130489947224+0j),(0.16953511103433794+0j)
0.54,(0.3228713729364629+0j),(0.24534634320450982+0j),(0.2453463432045099+0j),(0.18643594065451763+0j)
0.558,(0.30092300378580017+0j),(0.24764148994834623+0j),(0.2476414899483464+0j),(0.20379401631750751+0j)
0.5760000000000001,(0.28023291856673+0j),(0.24913738525350704+0j),(0.24913738525350723+0j),(0.2214923109262559+0j)
0.594,(0.26082444796225895+0j),(0.24988530127135328+0j),(0.2498853012713534+0j),(0.23940494949503455+0j)
0.612,(0.24270930246235428+0j),(0.24994605624427169+0j),(0.24994605624427196+0j),(0.25739858504910207+0j)
0.63,(0.22588851661884557+0j),(0.24938878835041725+0j),(0.24938878835041745+0j),(0.27533390668032+0j)
0.648,(0.21035352253622464+0j),(0.24828960946972256+0j),(0.24828960946972278+0j),(0.2930672585243302+0j)
0.666,(0.1960873316902101+0j),(0.2467301608393988+0j),(0.24673016083939903+0j),(0.3104523466309924+0j)
0.684,(0.18306580264204567+0j),(0.24479609405132158+0j),(0.2447960940513218+0j),(0.327342009255311+0j)
0.7020000000000001,(0.17125897105687052+0j),(0.24257550195966127+0j),(0.2425755019596615+0j),(0.34359002502380676+0j)
0.72,(0.16063241765645098+0j),(0.24015732479768298+0j),(0.24015732479768315+0j),(0.3590529327481829+0j)
0.738,(0.15114864935144662+0j),(0.23762975713667944+0j),(0.23762975713667972+0j),(0.37359183637519416+0j)
0.7560000000000001,(0.14276846881139701+0j),(0.23507868125248393+0j),(0.23507868125248407+0j),(0.38707416868363487+0j)
0.774,(0.13545230814069553+0j),(0.23258615199722998+0j),(0.23258615199723032+0j),(0.39937538786484406+0j)
0.792,(0.12916150312871233+0j),(0.23022895741345667+0j),(0.23022895741345686+0j),(0.4103805820443742+0j)
0.81,(0.1238594857185656+0j),(0.22807727808789666+0j),(0.22807727808789674+0j),(0.419985958105641+0j)
0.828,(0.1195128738725631+0j),(0.22619346664285625+0j),(0.2261934666428563+0j),(0.42810019284172424+0j)
0.8460000000000001,(0.11609243987821058+0j),(0.22463096682906336+0j),(0.22463096682906367+0j),(0.4346456264636622+0j)
0.8640000000000001,(0.11357394030685941+0j),(0.2234333894455649+0j),(0.22343338944556518+0j),(0.43955928080201045+0j)
0.882,(0.11193879327279044+0j),(0.22263375980470018+0j),(0.22263375980470038+0j),(0.4427936871178088+0j)
0.9,(0.11117459130484711+0j),(0.22225394872261808+0j),(0.22225394872261822+0j),(0.4443175112499164+0j)
0.9179999999999999,(0.11127544099312822+0j),(0.22230429609101793+0j),(0.22230429609101804+0j),(0.4441159668248356+0j)
0.936,(0.11224212356429675+0j),(0.22278343301952053+0j),(0.22278343301952072+0j),(0.442191010396662+0j)
0.9540000000000001,(0.11408207362313165+0j),(0.22367830537821226+0j),(0.22367830537821226+0j),(0.43856131562044365+0j)
0.972,(0.11680917642597251+0j),(0.2249643983658364+0j),(0.22496439836583665+0j),(0.4332620268423544+0j)
0.99,(0.12044338717390483+0j),(0.22660615853089008+0j),(0.22660615853089028+0j),(0.42634429576431465+0j)
1.008,(0.12501017888025154+0j),(0.22855760653048307+0j),(0.22855760653048324+0j),(0.4178746080587822+0j)
1.026,(0.130539828329345+0j),(0.23076313087434702+0j),(0.230763130874347+0j),(0.4079339099219609+0j)
1.044,(0.13706655245449575+0j),(0.23315845001629285+0j),(0.23315845001629287+0j),(0.39661654751291836+0j)
1.062,(0.14462751007772728+0j),(0.23567172746782317+0j),(0.23567172746782317+0j),(0.3840290349866264+0j)
1.08,(0.15326168633047177+0j),(0.23822482216052515+0j),(0.23822482216052512+0j),(0.3702886693484777+0j)
1.0979999999999999,(0.16300867917499423+0j),(0.2407346541136111+0j),(0.2407346541136111+0j),(0.3555220125977835+0j)
1.116,(0.17390740923713127+0j),(0.24311466360450007+0j),(0.24311466360450013+0j),(0.3398632635538686+0j)
1.1340000000000001,(0.18599477561311586+0j),(0.24527634052279634+0j),(0.24527634052279634+0j),(0.3234525433412915+0j)
1.1520000000000001,(0.19930428140326464+0j),(0.2471307994352199+0j),(0.24713079943521982+0j),(0.30643411972629553+0j)
1.17,(0.2138646534351936+0j),(0.248590375119144+0j),(0.24859037511914397+0j),(0.2889545963265185+0j)
1.188,(0.22969848095707654+0j),(0.24957021294758078+0j),(0.24957021294758075+0j),(0.2711610931477619+0j)
1.2060000000000002,(0.2468208980014204+0j),(0.24998982853477264+0j),(0.24998982853477272+0j),(0.25319944492903423+0j)
1.224,(0.26523833364232846+0j),(0.2497746114787899+0j),(0.24977461147878993+0j),(0.23521244340009181+0j)
1.242,(0.2849473535008859+0j),(0.24885724885927124+0j),(0.24885724885927135+0j),(0.21733814878057173+0j)
1.26,(0.30593361460688984+0j),(0.2471790453520822+0j),(0.24717904535208232+0j),(0.19970829468894571+0j)
1.278,(0.3281709541193748+0j),(0.2446911183896843+0j),(0.24469111838968435+0j),(0.18244680910125669+0j)
1.296,(0.3516206304675553+0j),(0.2413554487022161+0j),(0.2413554487022161+0j),(0.16566847212801267+0j)
1.314,(0.37623073322757294+0j),(0.23714576879021107+0j),(0.23714576879021107+0j),(0.14947772919200503+0j)
1.332,(0.4019357755331737+0j),(0.23204827437121736+0j),(0.23204827437121736+0j),(0.13396767572439175+0j)
1.35,(0.42865648006887125+0j),(0.22606214657074938+0j),(0.22606214657074944+0j),(0.1192192267896301+0j)
1.368,(0.45629976675463785+0j),(0.2191998755506987+0j),(0.21919987555069875+0j),(0.10530048214396498+0j)
1.386,(0.48475894714710543+0j),(0.2114873793402271+0j),(0.21148737934022713+0j),(0.0922662941724406+0j)
1.4040000000000001,(0.5139141274013658+0j),(0.20296391480760415+0j),(0.20296391480760426+0j),(0.08015804298342633+0j)
1.4220000000000002,(0.5436328184090089+0j),(0.19368178093716484+0j),(0.193681780937165+0j),(0.06900361971666157+0j)
1.44,(0.5737707485021754+0j),(0.18370581780345976+0j),(0.18370581780346+0j),(0.058817615890905374+0j)
1.4580000000000002,(0.6041728709401789+0j),(0.17311270781461752+0j),(0.17311270781461766+0j),(0.049601713430586315+0j)
1.476,(0.6346745553241624+0j),(0.16199008887950905+0j),(0.16199008887950922+0j),(0.041345266916819834+0j)
1.494,(0.6651029491641021+0j),(0.15043549209057122+0j),(0.1504354920905714+0j),(0.034026066654755965+0j)
1.5120000000000002,(0.6952784930968824+0j),(0.13855511926045272+0j),(0.13855511926045286+0j),(0.0276112683822127+0j)
1.53,(0.7250165707668546+0j),(0.12646247816321432+0j),(0.12646247816321443+0j),(0.022058472906717082+0j)
1.548,(0.7541292721702078+0j),(0.11427689557056087+0j),(0.11427689557056098+0j),(0.01731693668867095+0j)
1.5659999999999998,(0.7824272473664426+0j),(0.1021219301055863+0j),(0.1021219301055864+0j),(0.013328892422385292+0j)
1.584,(0.8097216259042977+0j),(0.09012370853062485+0j),(0.09012370853062494+0j),(0.01003095703445259+0j)
1.602,(0.8358259761202893+0j),(0.07840921031714453+0j),(0.0784092103171446+0j),(0.007355603245421836+0j)
1.62,(0.8605582776648337+0j),(0.06710452619486297+0j),(0.06710452619486307+0j),(0.005232669945440842+0j)
1.6380000000000001,(0.8837428802068235+0j),(0.056333116831088194+0j),(0.056333116831088256+0j),(0.0035908861310004468+0j)
1.656,(0.9052124212696232+0j),(0.04621409784240139+0j),(0.046214097842401464+0j),(0.0023593830455745984+0j)
1.6740000000000002,(0.9248096765605105+0j),(0.03686057698823629+0j),(0.036860576988236346+0j),(0.0014691694630174148+0j)
1.6920000000000002,(0.942389316966154+0j),(0.028378068644917293+0j),(0.028378068644917348+0j),(0.0008545457440118378+0j)
1.71,(0.9578195475871031+0j),(0.020863009520718+0j),(0.020863009520718033+0j),(0.00045443337146133735+0j)
1.7280000000000002,(0.9709836057568128+0j),(0.014401398064948986+0j),(0.014401398064949021+0j),(0.00021359811328994251+0j)
1.746,(0.9817810969120058+0j),(0.009067578170121151+0j),(0.00906757817012118+0j),(8.374674775249815e-05+0j)
1.764,(0.9901291494224198+0j),(0.004923185594397458+0j),(0.004923185594397481+0j),(2.447938878581851e-05+0j)
1.7820000000000003,(0.9959633720154013+0j),(0.0020162730753198635+0j),(0.002016273075319873+0j),(4.081833959448886e-06+0j)
1.8,(0.9992386002063354+0j),(0.00038062740302594435+0j),(0.000380627403025949+0j),(1.44987613473249e-07+0j)
